# Blender v2.92.0 OBJ File: 'BoxStack.blend'
# www.blender.org
mtllib BoxStack.mtl
o Cube_Bottom_MeshBot
v 0.384026 1.093737 -0.500000
v 0.593737 0.115974 -0.500000
v 0.384026 1.093737 0.500000
v 0.593737 0.115974 0.500000
v -0.593737 0.884026 -0.500000
v -0.384026 -0.093737 -0.500000
v -0.593737 0.884026 0.500000
v -0.384026 -0.093737 0.500000
vt 0.000100 0.000100
vt 0.999900 0.999900
vt 0.000100 0.999900
vt 0.999900 0.000100
vt 0.999908 0.844444
vt 0.163943 0.254015
vt 0.673895 0.232617
vt 0.000092 0.844444
vt 0.875000 0.500000
vt 0.625000 0.750000
vt 0.625000 0.500000
vt 0.375000 1.000000
vt 0.375000 0.750000
vt 0.375000 0.500000
vt 0.125000 0.750000
vt 0.125000 0.500000
vt 0.625000 0.250000
vt 0.375000 0.250000
vt 0.875000 0.750000
vt 0.625000 1.000000
vn 0.9778 0.2097 0.0000
vn -0.9778 -0.2097 0.0000
vn -0.2097 0.9778 0.0000
vn 0.0000 0.0000 1.0000
vn 0.2097 -0.9778 0.0000
vn 0.0000 0.0000 -1.0000
usemtl MatTop
s off
f 1/1/1 4/2/1 2/3/1
f 1/1/1 3/4/1 4/2/1
usemtl MatBottom
f 7/5/2 6/6/2 8/7/2
f 7/5/2 5/8/2 6/6/2
usemtl MatSides
f 5/9/3 3/10/3 1/11/3
f 3/10/4 8/12/4 4/13/4
f 2/14/5 8/15/5 6/16/5
f 5/17/6 2/14/6 6/18/6
f 5/9/3 7/19/3 3/10/3
f 3/10/4 7/20/4 8/12/4
f 2/14/5 4/13/5 8/15/5
f 5/17/6 1/11/6 2/14/6
o Cube_Middle_MeshMid
v -0.181693 1.423006 -0.069623
v -0.345080 0.950455 -0.069623
v -0.443493 1.513525 0.346630
v -0.606880 1.040973 0.346630
v -0.575096 1.559027 -0.346630
v -0.738482 1.086475 -0.346630
v -0.836896 1.649545 0.069623
v -1.000283 1.176994 0.069623
vt 0.999908 0.000092
vt 0.000092 0.844445
vt 0.000092 0.000092
vt 0.999908 0.844445
vt 0.625000 0.750000
vt 0.375000 1.000000
vt 0.375000 0.750000
vt 0.625000 0.000000
vt 0.375000 0.250000
vt 0.375000 0.000000
vt 0.625000 0.500000
vt 0.375000 0.500000
vt 0.625000 0.250000
vt 0.625000 1.000000
vt 0.999900 0.000100
vt 0.252053 0.785056
vt 0.000100 0.000100
vt 0.999900 0.999900
vn -0.3268 -0.9451 0.0000
vn -0.5236 0.1810 0.8325
vn -0.7868 0.2720 -0.5540
vn 0.7868 -0.2720 0.5540
vn 0.5236 -0.1810 -0.8325
vn 0.3268 0.9451 0.0000
usemtl MatBottom
s off
f 10/21/7 16/22/7 14/23/7
f 10/21/7 12/24/7 16/22/7
usemtl MatSides
f 11/25/8 16/26/8 12/27/8
f 15/28/9 14/29/9 16/30/9
f 9/31/10 12/27/10 10/32/10
f 13/33/11 10/32/11 14/29/11
f 11/25/8 15/34/8 16/26/8
f 15/28/9 13/33/9 14/29/9
f 9/31/10 11/25/10 12/27/10
f 13/33/11 9/31/11 10/32/11
usemtl MatTop
f 13/35/12 11/36/12 9/37/12
f 13/35/12 15/38/12 11/36/12
o Cube_Top_MeshTop
v 0.692924 2.508207 -1.051757
v 0.377865 1.337302 -0.583015
v 1.379244 2.754394 0.024514
v 1.064184 1.583489 0.493255
v -0.365236 3.016511 -0.493255
v -0.680296 1.845606 -0.024514
v 0.321083 3.262698 0.583015
v 0.006024 2.091793 1.051757
vt 0.631665 0.701791
vt 0.067660 0.536468
vt 0.837746 0.309650
vt 0.312592 0.693232
vt 0.000100 0.000100
vt 0.999900 0.999900
vt 0.000100 0.999900
vt 0.999900 0.000100
vt 0.875000 0.500000
vt 0.625000 0.750000
vt 0.625000 0.500000
vt 0.625000 0.000000
vt 0.375000 0.250000
vt 0.375000 0.000000
vt 0.375000 0.500000
vt 0.125000 0.750000
vt 0.125000 0.500000
vt 0.375000 0.750000
vt 0.875000 0.750000
vt 0.625000 0.250000
vn -0.5279 -0.1894 -0.8279
vn 0.5279 0.1894 0.8279
vn 0.2424 0.9007 -0.3606
vn -0.8140 0.3910 0.4296
vn -0.2424 -0.9007 0.3606
vn 0.8140 -0.3910 -0.4296
usemtl MatBottom
s off
f 21/39/13 18/40/13 22/41/13
f 21/39/13 17/42/13 18/40/13
usemtl MatTop
f 19/43/14 24/44/14 20/45/14
f 19/43/14 23/46/14 24/44/14
usemtl MatSides
f 21/47/15 19/48/15 17/49/15
f 23/50/16 22/51/16 24/52/16
f 18/53/17 24/54/17 22/55/17
f 17/49/18 20/56/18 18/53/18
f 21/47/15 23/57/15 19/48/15
f 23/50/16 21/58/16 22/51/16
f 18/53/17 20/56/17 24/54/17
f 17/49/18 19/48/18 20/56/18
